folding plan OrigamiDrag
number_of_points: 29
number_of_creases: 28 
point_coordinates: 
5 5 5
9.24037 5.47777 5
9.02774 6.40937 5
8.61314 7.27029 5
8.01737 8.01737 5
7.27029 8.61314 5
6.40937 9.02774 5
5.47777 9.24037 5
4.52223 9.24037 5
3.59063 9.02774 5
2.72971 8.61314 5
1.98263 8.01737 5
1.38686 7.27029 5
0.972261 6.40937 5
0.759631 5.47777 5
0.759631 4.52223 5
0.972261 3.59063 5
1.38686 2.72971 5
1.98263 1.98263 5
2.72971 1.38686 5
3.59063 0.972261 5
4.52223 0.759631 5
5.47777 0.759631 5
6.40937 0.972261 5
7.27029 1.38686 5
8.01737 1.98263 5
8.61314 2.72971 5
9.02774 3.59063 5
9.24037 4.52223 5

crease_indices: 
0 1	
0 2	
0 3 	
0 4	
0 5
0 6
0 7
0 8
0 9
0 10
0 11
0 12
0 13
0 14
0 15
0 16 
0 17
0 18
0 19
0 20
0 21
0 22
0 23
0 24
0 25
0 26
0 27
0 28

angles: 
-3.0980 
2.3562
-3.0980 
2.3562
-3.0980 
2.3562
-3.0980 
2.3562
-3.0980 
2.3562
-3.0980 
2.3562
-3.0980 
2.3562
-3.0980 
2.3562
-3.0980
2.3562
-3.0980
2.3562
-3.0980
2.3562
-3.0980
2.3562
-3.0980
2.3562
-3.0980
2.3562

folding plan AlignDrag 
0.5 0.5 0.5 0 0 -1

folding plan RelaxDrag
1 
