OrigamiDrag
number_of_points: 17
number_of_creases: 16 
point_coordinates: 
0.5	0.5	0.5
0.8500	0.5000  0.5
0.8234  0.6339  0.5
0.7475  0.7475  0.5
0.6339  0.8234  0.5
0.5000  0.8500  0.5
0.3661  0.8234  0.5
0.2525  0.7475  0.5
0.1766  0.6339  0.5
0.1500  0.5000  0.5
0.1766  0.3661  0.5
0.2525  0.2525  0.5
0.3661  0.1766  0.5
0.5000  0.1500  0.5
0.6339  0.1766  0.5
0.7475  0.2525  0.5
0.8234  0.3661  0.5

crease_indices: 
0 1	
0 2	
0 3 	
0 4	
0 5
0 6
0 7
0 8
0 9
0 10
0 11
0 12
0 13
0 14
0 15
0 16 
angles: 
-3.0980 
2.3562
-3.0980 
2.3562
-3.0980 
2.3562
-3.0980 
2.3562
-3.0980 
2.3562
-3.0980 
2.3562
-3.0980 
2.3562
-3.0980 
2.3562

AlignDrag 0.5 0.5 0.5 0 0 -1
