folding plan OrigamiDrag
number_of_points: 57
number_of_creases: 56 
number_of_faces: 56
number_of_face_points: 168
number_of_crease_mappings: 1540

point_coordinates: 
6 6 18
10.2672 6 18
10.2404 6.47777 18
10.1602 6.94954 18
10.0277 7.40937 18
9.84461 7.85147 18
9.61314 8.27029 18
9.33623 8.66056 18
9.01737 9.01737 18
8.66056 9.33623 18
8.27029 9.61314 18
7.85147 9.84461 18
7.40937 10.0277 18
6.94954 10.1602 18
6.47777 10.2404 18
6 10.2672 18
5.52223 10.2404 18
5.05046 10.1602 18
4.59063 10.0277 18
4.14853 9.84461 18
3.72971 9.61314 18
3.33944 9.33623 18
2.98263 9.01737 18
2.66377 8.66056 18
2.38686 8.27029 18
2.15539 7.85147 18
1.97226 7.40937 18
1.83979 6.94954 18
1.75963 6.47777 18
1.7328 6 18
1.75963 5.52223 18
1.83979 5.05046 18
1.97226 4.59063 18
2.15539 4.14853 18
2.38686 3.72971 18
2.66377 3.33944 18
2.98263 2.98263 18
3.33944 2.66377 18
3.72971 2.38686 18
4.14853 2.15539 18
4.59063 1.97226 18
5.05046 1.83979 18
5.52223 1.75963 18
6 1.7328 18
6.47777 1.75963 18
6.94954 1.83979 18
7.40937 1.97226 18
7.85147 2.15539 18
8.27029 2.38686 18
8.66056 2.66377 18
9.01737 2.98263 18
9.33623 3.33944 18
9.61314 3.72971 18
9.84461 4.14853 18
10.0277 4.59063 18
10.1602 5.05046 18
10.2404 5.52223 18

crease_indices: 
0 1
0 2
0 3
0 4
0 5
0 6
0 7
0 8
0 9
0 10
0 11
0 12
0 13
0 14
0 15
0 16
0 17
0 18
0 19
0 20
0 21
0 22
0 23
0 24
0 25
0 26
0 27
0 28
0 29
0 30
0 31
0 32
0 33
0 34
0 35
0 36
0 37
0 38
0 39
0 40
0 41
0 42
0 43
0 44
0 45
0 46
0 47
0 48
0 49
0 50
0 51
0 52
0 53
0 54
0 55
0 56

surface_center: 6 6 18

face_indices: 
FACEONEARC 3 2 0 1
FACEONEARC 3 3 0 2
FACEONEARC 3 4 0 3
FACEONEARC 3 5 0 4
FACEONEARC 3 6 0 5
FACEONEARC 3 7 0 6
FACEONEARC 3 8 0 7
FACEONEARC 3 9 0 8
FACEONEARC 3 10 0 9
FACEONEARC 3 11 0 10
FACEONEARC 3 12 0 11
FACEONEARC 3 13 0 12
FACEONEARC 3 14 0 13
FACEONEARC 3 15 0 14
FACEONEARC 3 16 0 15
FACEONEARC 3 17 0 16
FACEONEARC 3 18 0 17
FACEONEARC 3 19 0 18
FACEONEARC 3 20 0 19
FACEONEARC 3 21 0 20
FACEONEARC 3 22 0 21
FACEONEARC 3 23 0 22
FACEONEARC 3 24 0 23
FACEONEARC 3 25 0 24
FACEONEARC 3 26 0 25
FACEONEARC 3 27 0 26
FACEONEARC 3 28 0 27
FACEONEARC 3 29 0 28
FACEONEARC 3 30 0 29
FACEONEARC 3 31 0 30
FACEONEARC 3 32 0 31
FACEONEARC 3 33 0 32
FACEONEARC 3 34 0 33
FACEONEARC 3 35 0 34
FACEONEARC 3 36 0 35
FACEONEARC 3 37 0 36
FACEONEARC 3 38 0 37
FACEONEARC 3 39 0 38
FACEONEARC 3 40 0 39
FACEONEARC 3 41 0 40
FACEONEARC 3 42 0 41
FACEONEARC 3 43 0 42
FACEONEARC 3 44 0 43
FACEONEARC 3 45 0 44
FACEONEARC 3 46 0 45
FACEONEARC 3 47 0 46
FACEONEARC 3 48 0 47
FACEONEARC 3 49 0 48
FACEONEARC 3 50 0 49
FACEONEARC 3 51 0 50
FACEONEARC 3 52 0 51
FACEONEARC 3 53 0 52
FACEONEARC 3 54 0 53
FACEONEARC 3 55 0 54
FACEONEARC 3 56 0 55
FACEONEARC 3 1 0 56

1 0
2 0 1
3 0 1 2
4 0 1 2 3
5 0 1 2 3 4
6 0 1 2 3 4 5
7 0 1 2 3 4 5 6
8 0 1 2 3 4 5 6 7
9 0 1 2 3 4 5 6 7 8
10 0 1 2 3 4 5 6 7 8 9
11 0 1 2 3 4 5 6 7 8 9 10
12 0 1 2 3 4 5 6 7 8 9 10 11
13 0 1 2 3 4 5 6 7 8 9 10 11 12
14 0 1 2 3 4 5 6 7 8 9 10 11 12 13
15 0 1 2 3 4 5 6 7 8 9 10 11 12 13 14
16 0 1 2 3 4 5 6 7 8 9 10 11 12 13 14 15
17 0 1 2 3 4 5 6 7 8 9 10 11 12 13 14 15 16
18 0 1 2 3 4 5 6 7 8 9 10 11 12 13 14 15 16 17
19 0 1 2 3 4 5 6 7 8 9 10 11 12 13 14 15 16 17 18
20 0 1 2 3 4 5 6 7 8 9 10 11 12 13 14 15 16 17 18 19
21 0 1 2 3 4 5 6 7 8 9 10 11 12 13 14 15 16 17 18 19 20
22 0 1 2 3 4 5 6 7 8 9 10 11 12 13 14 15 16 17 18 19 20 21
23 0 1 2 3 4 5 6 7 8 9 10 11 12 13 14 15 16 17 18 19 20 21 22
24 0 1 2 3 4 5 6 7 8 9 10 11 12 13 14 15 16 17 18 19 20 21 22 23
25 0 1 2 3 4 5 6 7 8 9 10 11 12 13 14 15 16 17 18 19 20 21 22 23 24
26 0 1 2 3 4 5 6 7 8 9 10 11 12 13 14 15 16 17 18 19 20 21 22 23 24 25
27 0 1 2 3 4 5 6 7 8 9 10 11 12 13 14 15 16 17 18 19 20 21 22 23 24 25 26
28 0 1 2 3 4 5 6 7 8 9 10 11 12 13 14 15 16 17 18 19 20 21 22 23 24 25 26 27
29 0 1 2 3 4 5 6 7 8 9 10 11 12 13 14 15 16 17 18 19 20 21 22 23 24 25 26 27 28
30 0 1 2 3 4 5 6 7 8 9 10 11 12 13 14 15 16 17 18 19 20 21 22 23 24 25 26 27 28 29
31 0 1 2 3 4 5 6 7 8 9 10 11 12 13 14 15 16 17 18 19 20 21 22 23 24 25 26 27 28 29 30
32 0 1 2 3 4 5 6 7 8 9 10 11 12 13 14 15 16 17 18 19 20 21 22 23 24 25 26 27 28 29 30 31
33 0 1 2 3 4 5 6 7 8 9 10 11 12 13 14 15 16 17 18 19 20 21 22 23 24 25 26 27 28 29 30 31 32
34 0 1 2 3 4 5 6 7 8 9 10 11 12 13 14 15 16 17 18 19 20 21 22 23 24 25 26 27 28 29 30 31 32 33
35 0 1 2 3 4 5 6 7 8 9 10 11 12 13 14 15 16 17 18 19 20 21 22 23 24 25 26 27 28 29 30 31 32 33 34
36 0 1 2 3 4 5 6 7 8 9 10 11 12 13 14 15 16 17 18 19 20 21 22 23 24 25 26 27 28 29 30 31 32 33 34 35
37 0 1 2 3 4 5 6 7 8 9 10 11 12 13 14 15 16 17 18 19 20 21 22 23 24 25 26 27 28 29 30 31 32 33 34 35 36
38 0 1 2 3 4 5 6 7 8 9 10 11 12 13 14 15 16 17 18 19 20 21 22 23 24 25 26 27 28 29 30 31 32 33 34 35 36 37
39 0 1 2 3 4 5 6 7 8 9 10 11 12 13 14 15 16 17 18 19 20 21 22 23 24 25 26 27 28 29 30 31 32 33 34 35 36 37 38
40 0 1 2 3 4 5 6 7 8 9 10 11 12 13 14 15 16 17 18 19 20 21 22 23 24 25 26 27 28 29 30 31 32 33 34 35 36 37 38 39
41 0 1 2 3 4 5 6 7 8 9 10 11 12 13 14 15 16 17 18 19 20 21 22 23 24 25 26 27 28 29 30 31 32 33 34 35 36 37 38 39 40
42 0 1 2 3 4 5 6 7 8 9 10 11 12 13 14 15 16 17 18 19 20 21 22 23 24 25 26 27 28 29 30 31 32 33 34 35 36 37 38 39 40 41
43 0 1 2 3 4 5 6 7 8 9 10 11 12 13 14 15 16 17 18 19 20 21 22 23 24 25 26 27 28 29 30 31 32 33 34 35 36 37 38 39 40 41 42
44 0 1 2 3 4 5 6 7 8 9 10 11 12 13 14 15 16 17 18 19 20 21 22 23 24 25 26 27 28 29 30 31 32 33 34 35 36 37 38 39 40 41 42 43
45 0 1 2 3 4 5 6 7 8 9 10 11 12 13 14 15 16 17 18 19 20 21 22 23 24 25 26 27 28 29 30 31 32 33 34 35 36 37 38 39 40 41 42 43 44
46 0 1 2 3 4 5 6 7 8 9 10 11 12 13 14 15 16 17 18 19 20 21 22 23 24 25 26 27 28 29 30 31 32 33 34 35 36 37 38 39 40 41 42 43 44 45
47 0 1 2 3 4 5 6 7 8 9 10 11 12 13 14 15 16 17 18 19 20 21 22 23 24 25 26 27 28 29 30 31 32 33 34 35 36 37 38 39 40 41 42 43 44 45 46
48 0 1 2 3 4 5 6 7 8 9 10 11 12 13 14 15 16 17 18 19 20 21 22 23 24 25 26 27 28 29 30 31 32 33 34 35 36 37 38 39 40 41 42 43 44 45 46 47
49 0 1 2 3 4 5 6 7 8 9 10 11 12 13 14 15 16 17 18 19 20 21 22 23 24 25 26 27 28 29 30 31 32 33 34 35 36 37 38 39 40 41 42 43 44 45 46 47 48
50 0 1 2 3 4 5 6 7 8 9 10 11 12 13 14 15 16 17 18 19 20 21 22 23 24 25 26 27 28 29 30 31 32 33 34 35 36 37 38 39 40 41 42 43 44 45 46 47 48 49
51 0 1 2 3 4 5 6 7 8 9 10 11 12 13 14 15 16 17 18 19 20 21 22 23 24 25 26 27 28 29 30 31 32 33 34 35 36 37 38 39 40 41 42 43 44 45 46 47 48 49 50
52 0 1 2 3 4 5 6 7 8 9 10 11 12 13 14 15 16 17 18 19 20 21 22 23 24 25 26 27 28 29 30 31 32 33 34 35 36 37 38 39 40 41 42 43 44 45 46 47 48 49 50 51
53 0 1 2 3 4 5 6 7 8 9 10 11 12 13 14 15 16 17 18 19 20 21 22 23 24 25 26 27 28 29 30 31 32 33 34 35 36 37 38 39 40 41 42 43 44 45 46 47 48 49 50 51 52
54 0 1 2 3 4 5 6 7 8 9 10 11 12 13 14 15 16 17 18 19 20 21 22 23 24 25 26 27 28 29 30 31 32 33 34 35 36 37 38 39 40 41 42 43 44 45 46 47 48 49 50 51 52 53
55 0 1 2 3 4 5 6 7 8 9 10 11 12 13 14 15 16 17 18 19 20 21 22 23 24 25 26 27 28 29 30 31 32 33 34 35 36 37 38 39 40 41 42 43 44 45 46 47 48 49 50 51 52 53 54
0

angles: 
-2.8
2.5756
-2.8
2.5756
-2.8
2.5756
-2.8
2.5756
-2.8
2.5756
-2.8
2.5756
-2.8
2.5756
-2.8
2.5756
-2.8
2.5756
-2.8
2.5756
-2.8
2.5756
-2.8
2.5756
-2.8
2.5756
-2.8
2.5756
-2.8
2.5756
-2.8
2.5756
-2.8
2.5756
-2.8
2.5756
-2.8
2.5756
-2.8
2.5756
-2.8
2.5756
-2.8
2.5756
-2.8
2.5756
-2.8
2.5756
-2.8
2.5756
-2.8
2.5756
-2.8
2.5756
-2.8
2.5756

Type of algorithm used in NLopt: LN_COBYLA

folding plan AlignDrag 
6 6 18 0 0 -1

folding plan RelaxDrag
0.4
