foldingplan OrigamiDrag
number_of_points: 27
number_of_creases: 46 
number_of_faces: 20
number_of_face_points: 78
number_of_crease_mappings: 104

point_coordinates: 
0.5 0.5 0.5
0.65 0.5 0.5 
0.575 0.575 0.5
0.5 0.65 0.5
0.35 0.5 0.5
0.425 0.425 0.5
0.5 0.35 0.5
0.35 0.35 0.5
0.3 0.3 0.5
0.8 0.5 0.5
0.8 0.8 0.5
0.5 0.8 0.5
0.35 0.8 0.5
0.2 0.8 0.5
0.2 0.65 0.5
0.2 0.5 0.5
0.2 0.4 0.5
0.2 0.2 0.5
0.4 0.2 0.5
0.5 0.2 0.5
0.65 0.2 0.5
0.8 0.2 0.5
0.8 0.35 0.5
0.275 0.725 0.5
0.35 0.65 0.5
0.65 0.35 0.5
0.725 0.275 0.5

crease_indices: 
0 1    0 2    0 3    0 4    0 5    0 6
1 9    1 2    1 0     1 6
2 0    2 1    2 10    2 3
3 0    3 2    3 11    3 4
4 0    4 3    4 15    4 5
5 0    5 4    5 7    5 6
6 0    6 5    6 19    6 1
7 5    7 15    7 8    7 19
8 7    8 16    8 17    8 18
23 12    23 14
24 11    24 15
25 19    25 9
26 20    26 22

surface center: 0.5 0.5 0.5

face_indices: 
0 4 1 9 10 2  
0 3 1 2 0
0 3 0 2 3
0 4 3 2 10 11    
0 5 4 3 11 24 15
0 6 11 12 23 14 15 24
0 4 12 13 14 23
0 3 0 3 4
0 3 5 0 4
0 4 4 15 7 5
0 4 8 7 15 16
0 3 8 16 17
0 3 8 17 19
0 4 7 8 18 19
0 4 5 7 19 6
0 3 0 5 6
0 3 0 6 1
0 5 9 1 6 19 25
0 6 9 25 19 20 26 22
0 4 22 26 20 21

crease_to_face: 
1 6
2 6 7
3 6 7 1
4 6 7 1 13
5 6 7 1 13 16
6 6 7 1 13 16 40
7 6 7 1 13 16 40 38
4 6 7 1 2
5 6 7 1 2 3
6 6 7 1 2 3 23
7 6 7 1 2 3 23 31
8 6 7 1 2 3 23 31 35
9 6 7 1 2 3 23 31 35 36
10 6 7 1 2 3 23 31 35 36 37
11 6 7 1 2 3 23 31 35 36 37 33
12 6 7 1 2 3 23 31 35 36 37 33 25
1 29
0
1 43
2 43 45

angles: 
3.14159 -3.14159 3.14159 3.14159 -3.14159 3.14159
3.14159 3.14159 3.14159 -3.14159
-3.14159 3.14159 -3.14159 -3.14159
3.14159 -3.14159 3.14159 3.14159
3.14159 3.14159 3.14159 -3.14159
-3.14159 -3.14159 -3.14159 3.14159
3.14159 3.14159 3.14159 -3.14159
-3.14159 -3.14159 -3.14159 3.14159
-3.14159 3.14159 -3.14159 -3.14159
-3.14159 -3.14159
3.14159 3.14159
3.14159 3.14159
3.14159 3.14159

Type of algorithm used in NLopt: LD_TNEWTON_PRECOND
