folding plan OrigamiDrag
number_of_points: 17
number_of_creases: 16
point_coordinates: 
5 5 5
9.18521 5.83249 5
8.54805 7.37073 5
7.37073 8.54805 5
5.83249 9.18521 5
4.16751 9.18521 5
2.62927 8.54805 5
1.45195 7.37073 5
0.814793 5.83249 5
0.814793 4.16751 5
1.45195 2.62927 5
2.62927 1.45195 5
4.16751 0.814793 5
5.83249 0.814793 5
7.37073 1.45195 5
8.54805 2.62927 5
9.18521 4.16751 5
crease_indices: 

0 1
0 2
0 3
0 4
0 5
0 6
0 7
0 8
0 9
0 10
0 11
0 12
0 13
0 14
0 15
0 16

angles: 
-3.0980
2.3562
-3.0980
2.3562
-3.0980
2.3562
-3.0980
2.3562
-3.0980
2.3562
-3.0980
2.3562
-3.0980
2.3562
-3.0980
2.3562

folding plan AlignDrag 
5 5 5 0 0 -1

folding plan RelaxDrag
1
